# Made in Blockbench 4.8.1
mtllib opera_figure.mtl

o 125
v -0.3768109523928721 1.5612574712102125 -1.295414339147357
v -0.5877484523928721 1.561257471210212 -1.660768806368917
v -0.37681095239287077 0.06125747121021341 -1.2954143391473552
v -0.5877484523928708 0.061257471210212744 -1.6607688063689152
v -0.953102919614432 1.5612574712102116 -1.449831306368917
v -0.7421654196144322 1.5612574712102125 -1.084476839147357
v -0.9531029196144307 0.06125747121021252 -1.4498313063689152
v -0.7421654196144308 0.06125747121021319 -1.0844768391473554
vt 0.05078125 0.591796875
vt 0.06396484375 0.591796875
vt 0.06396484375 0.544921875
vt 0.05078125 0.544921875
vt 0.06640625 0.591796875
vt 0.07958984375 0.591796875
vt 0.07958984375 0.544921875
vt 0.06640625 0.544921875
vt 0.08203125 0.591796875
vt 0.09521484375 0.591796875
vt 0.09521484375 0.544921875
vt 0.08203125 0.544921875
vt 0.09765625 0.591796875
vt 0.11083984375 0.591796875
vt 0.11083984375 0.544921875
vt 0.09765625 0.544921875
vt 0.31982421875 0.44775390625
vt 0.306640625 0.44775390625
vt 0.306640625 0.4609375
vt 0.31982421875 0.4609375
vt 0.33544921875 0.4609375
vt 0.322265625 0.4609375
vt 0.322265625 0.44775390625
vt 0.33544921875 0.44775390625
vn -0.49999999999999994 -1.3701824509377967e-15 -0.8660254037844387
vn 0.8660254037844387 2.144740312002338e-16 -0.49999999999999994
vn 0.49999999999999994 1.3701824509377967e-15 0.8660254037844387
vn -0.8660254037844387 -2.144740312002338e-16 0.49999999999999994
vn -8.568199074794138e-16 1 -1.0677219784563759e-15
vn 8.568199074794138e-16 -1 1.0677219784563759e-15
usemtl m_4212c216-ea1f-20c7-aeed-3b52fa82cc5f
f 4/4/1 7/3/1 5/2/1 2/1/1
f 3/8/2 4/7/2 2/6/2 1/5/2
f 8/12/3 3/11/3 1/10/3 6/9/3
f 7/16/4 8/15/4 6/14/4 5/13/4
f 6/20/5 1/19/5 2/18/5 5/17/5
f 7/24/6 4/23/6 3/22/6 8/21/6
o 123
v -0.2893410115904752 0.06125747121021363 -1.237661957542564
v -0.5471535115904752 0.061257471210212966 -1.6842063063689152
v -0.28934101159047465 -0.5949925287897864 -1.2376619575425634
v -0.5471535115904747 -0.5949925287897868 -1.6842063063689148
v -0.9936978604168263 0.061257471210212744 -1.4263938063689152
v -0.7358853604168264 0.06125747121021341 -0.9798494575425641
v -0.9936978604168258 -0.5949925287897868 -1.4263938063689148
v -0.7358853604168258 -0.5949925287897864 -0.9798494575425634
vt 0.0859375 0.5234375
vt 0.10205078125 0.5234375
vt 0.10205078125 0.5029296875
vt 0.0859375 0.5029296875
vt 0.39453125 0.521484375
vt 0.41064453125 0.521484375
vt 0.41064453125 0.5009765625
vt 0.39453125 0.5009765625
vt 0 0.51953125
vt 0.01611328125 0.51953125
vt 0.01611328125 0.4990234375
vt 0 0.4990234375
vt 0.48046875 0.845703125
vt 0.49658203125 0.845703125
vt 0.49658203125 0.8251953125
vt 0.48046875 0.8251953125
vt 0.51806640625 0.95654296875
vt 0.501953125 0.95654296875
vt 0.501953125 0.97265625
vt 0.51806640625 0.97265625
vt 0.51806640625 0.896484375
vt 0.501953125 0.896484375
vt 0.501953125 0.88037109375
vt 0.51806640625 0.88037109375
vn -0.49999999999999994 -1.3701824509377967e-15 -0.8660254037844387
vn 0.8660254037844387 2.144740312002338e-16 -0.49999999999999994
vn 0.49999999999999994 1.3701824509377967e-15 0.8660254037844387
vn -0.8660254037844387 -2.144740312002338e-16 0.49999999999999994
vn -8.568199074794138e-16 1 -1.0677219784563759e-15
vn 8.568199074794138e-16 -1 1.0677219784563759e-15
usemtl m_4212c216-ea1f-20c7-aeed-3b52fa82cc5f
f 12/28/7 15/27/7 13/26/7 10/25/7
f 11/32/8 12/31/8 10/30/8 9/29/8
f 16/36/9 11/35/9 9/34/9 14/33/9
f 15/40/10 16/39/10 14/38/10 13/37/10
f 14/44/11 9/43/11 10/42/11 13/41/11
f 15/48/12 12/47/12 11/46/12 16/45/12
o 122
v -0.5471535115904754 -0.21999252878978703 -1.6842063063689157
v -0.7580910115904753 -0.2199925287897877 -2.0495607735904757
v -0.5471535115904751 -0.5949925287897868 -1.6842063063689154
v -0.7580910115904751 -0.5949925287897877 -2.0495607735904757
v -1.2046353604168265 -0.21999252878978792 -1.791748273590476
v -0.9936978604168265 -0.21999252878978726 -1.4263938063689159
v -1.2046353604168263 -0.5949925287897877 -1.7917482735904755
v -0.9936978604168263 -0.5949925287897868 -1.4263938063689154
vt 0.52734375 0.615234375
vt 0.54345703125 0.615234375
vt 0.54345703125 0.603515625
vt 0.52734375 0.603515625
vt 0.546875 0.837890625
vt 0.56005859375 0.837890625
vt 0.56005859375 0.826171875
vt 0.546875 0.826171875
vt 0.52734375 0.5078125
vt 0.54345703125 0.5078125
vt 0.54345703125 0.49609375
vt 0.52734375 0.49609375
vt 0.546875 0.82421875
vt 0.56005859375 0.82421875
vt 0.56005859375 0.8125
vt 0.546875 0.8125
vt 0.54150390625 0.56494140625
vt 0.525390625 0.56494140625
vt 0.525390625 0.578125
vt 0.54150390625 0.578125
vt 0.54345703125 0.9609375
vt 0.52734375 0.9609375
vt 0.52734375 0.94775390625
vt 0.54345703125 0.94775390625
vn -0.49999999999999994 -1.3701824509377967e-15 -0.8660254037844387
vn 0.8660254037844387 2.144740312002338e-16 -0.49999999999999994
vn 0.49999999999999994 1.3701824509377967e-15 0.8660254037844387
vn -0.8660254037844387 -2.144740312002338e-16 0.49999999999999994
vn -8.568199074794138e-16 1 -1.0677219784563759e-15
vn 8.568199074794138e-16 -1 1.0677219784563759e-15
usemtl m_4212c216-ea1f-20c7-aeed-3b52fa82cc5f
f 20/52/13 23/51/13 21/50/13 18/49/13
f 19/56/14 20/55/14 18/54/14 17/53/14
f 24/60/15 19/59/15 17/58/15 22/57/15
f 23/64/16 24/63/16 22/62/16 21/61/16
f 22/68/17 17/67/17 18/66/17 21/65/17
f 23/72/18 20/71/18 19/70/18 24/69/18
o 121
v -0.7174960707880804 -0.1262425287897877 -2.0729982735904766
v -0.7799960707880804 -0.1262425287897877 -2.1812514490635317
v -0.71749607078808 -0.5949925287897877 -2.072998273590476
v -0.77999607078808 -0.5949925287897877 -2.181251449063531
v -1.3077303012192225 -0.12624252878978792 -1.8765639490635317
v -1.2452303012192225 -0.12624252878978792 -1.7683107735904768
v -1.3077303012192223 -0.5949925287897877 -1.8765639490635313
v -1.2452303012192223 -0.5949925287897877 -1.7683107735904762
vt 0.498046875 0.728515625
vt 0.51708984375 0.728515625
vt 0.51708984375 0.7138671875
vt 0.498046875 0.7138671875
vt 0.31640625 0.515625
vt 0.3203125 0.515625
vt 0.3203125 0.5009765625
vt 0.31640625 0.5009765625
vt 0.5 0.822265625
vt 0.51904296875 0.822265625
vt 0.51904296875 0.8076171875
vt 0.5 0.8076171875
vt 0.123046875 0.494140625
vt 0.126953125 0.494140625
vt 0.126953125 0.4794921875
vt 0.123046875 0.4794921875
vt 0.50537109375 0.5546875
vt 0.486328125 0.5546875
vt 0.486328125 0.55859375
vt 0.50537109375 0.55859375
vt 0.57373046875 0.515625
vt 0.5546875 0.515625
vt 0.5546875 0.51171875
vt 0.57373046875 0.51171875
vn -0.49999999999999994 -1.3701824509377967e-15 -0.8660254037844387
vn 0.8660254037844387 2.144740312002338e-16 -0.49999999999999994
vn 0.49999999999999994 1.3701824509377967e-15 0.8660254037844387
vn -0.8660254037844387 -2.144740312002338e-16 0.49999999999999994
vn -8.568199074794138e-16 1 -1.0677219784563759e-15
vn 8.568199074794138e-16 -1 1.0677219784563759e-15
usemtl m_4212c216-ea1f-20c7-aeed-3b52fa82cc5f
f 28/76/19 31/75/19 29/74/19 26/73/19
f 27/80/20 28/79/20 26/78/20 25/77/20
f 32/84/21 27/83/21 25/82/21 30/81/21
f 31/88/22 32/87/22 30/86/22 29/85/22
f 30/92/23 25/91/23 26/90/23 29/89/23
f 31/96/24 28/95/24 27/94/24 32/93/24
o 120
v -0.18624607078807998 -0.5949925287897873 -1.1528462820695102
v -0.77999607078808 -0.5949925287897886 -2.181251449063531
v -0.18624607078807986 -0.7199925287897873 -1.15284628206951
v -0.7799960707880798 -0.7199925287897886 -2.181251449063531
v -1.3077303012192223 -0.5949925287897886 -1.8765639490635313
v -0.7139803012192223 -0.5949925287897873 -0.8481587820695101
v -1.307730301219222 -0.7199925287897886 -1.876563949063531
v -0.7139803012192222 -0.7199925287897873 -0.84815878206951
vt 0.556640625 0.8671875
vt 0.57568359375 0.8671875
vt 0.57568359375 0.86328125
vt 0.556640625 0.86328125
vt 0.546875 0.796875
vt 0.583984375 0.796875
vt 0.583984375 0.79296875
vt 0.546875 0.79296875
vt 0.564453125 0.453125
vt 0.58349609375 0.453125
vt 0.58349609375 0.44921875
vt 0.564453125 0.44921875
vt 0.548828125 1
vt 0.5859375 1
vt 0.5859375 0.99609375
vt 0.548828125 0.99609375
vt 0.40185546875 0.765625
vt 0.3828125 0.765625
vt 0.3828125 0.802734375
vt 0.40185546875 0.802734375
vt 0.21826171875 0.6171875
vt 0.19921875 0.6171875
vt 0.19921875 0.580078125
vt 0.21826171875 0.580078125
vn -0.49999999999999994 -1.3701824509377967e-15 -0.8660254037844387
vn 0.8660254037844387 2.144740312002338e-16 -0.49999999999999994
vn 0.49999999999999994 1.3701824509377967e-15 0.8660254037844387
vn -0.8660254037844387 -2.144740312002338e-16 0.49999999999999994
vn -8.568199074794138e-16 1 -1.0677219784563759e-15
vn 8.568199074794138e-16 -1 1.0677219784563759e-15
usemtl m_4212c216-ea1f-20c7-aeed-3b52fa82cc5f
f 36/100/25 39/99/25 37/98/25 34/97/25
f 35/104/26 36/103/26 34/102/26 33/101/26
f 40/108/27 35/107/27 33/106/27 38/105/27
f 39/112/28 40/111/28 38/110/28 37/109/28
f 38/116/29 33/115/29 34/114/29 37/113/29
f 39/120/30 36/119/30 35/118/30 40/117/30
o 124
v -0.2799209227940702 1.5612574712102072 -1.0807208851353796
v -0.4890538232401085 1.616323208553042 -1.442949694242162
v -0.377815566959109 0.07409017914949612 -1.2502793826181036
v -0.5869484674051473 0.1291559164923306 -1.6125081917248858
v -0.813813349659273 1.6163232085530415 -1.255449694242162
v -0.6046804492132347 1.5612574712102067 -0.8932208851353797
v -0.9117079938243118 0.12915591649233038 -1.4250081917248858
v -0.7025750933782734 0.0740901791494959 -1.0627793826181036
vt 0.421875 0.84765625
vt 0.43359375 0.84765625
vt 0.43359375 0.80078125
vt 0.421875 0.80078125
vt 0.408203125 0.76953125
vt 0.42138671875 0.76953125
vt 0.42138671875 0.72265625
vt 0.408203125 0.72265625
vt 0.21875 0.578125
vt 0.23046875 0.578125
vt 0.23046875 0.53125
vt 0.21875 0.53125
vt 0.306640625 0.591796875
vt 0.31982421875 0.591796875
vt 0.31982421875 0.544921875
vt 0.306640625 0.544921875
vt 0.07421875 0.43994140625
vt 0.0625 0.43994140625
vt 0.0625 0.453125
vt 0.07421875 0.453125
vt 0.55859375 0.853515625
vt 0.546875 0.853515625
vt 0.546875 0.84033203125
vt 0.55859375 0.84033203125
vn -0.4957224306869051 0.1305261922200524 -0.858616436401261
vn 0.8660254037844387 2.220446049250313e-16 -0.49999999999999994
vn 0.4957224306869051 -0.1305261922200524 0.858616436401261
vn -0.8660254037844387 -2.220446049250313e-16 0.49999999999999994
vn 0.06526309611002601 0.9914448613738104 0.11303899832181624
vn -0.06526309611002601 -0.9914448613738104 -0.11303899832181624
usemtl m_4212c216-ea1f-20c7-aeed-3b52fa82cc5f
f 44/124/31 47/123/31 45/122/31 42/121/31
f 43/128/32 44/127/32 42/126/32 41/125/32
f 48/132/33 43/131/33 41/130/33 46/129/33
f 47/136/34 48/135/34 46/134/34 45/133/34
f 46/140/35 41/139/35 42/138/35 45/137/35
f 47/144/36 44/143/36 43/142/36 48/141/36
o 119
v -0.053535233264520254 2.8524013663622356 -0.782359368763685
v -0.3704796450156208 3.022251364710765 -1.3313231930916214
v -0.24764951709141036 1.4035126269286333 -1.1185751708267049
v -0.564593928842511 1.5733626252771624 -1.6675389951546413
v -0.7764290530395764 3.0222513647107645 -1.0969481930916214
v -0.4594846412884759 2.8524013663622356 -0.547984368763685
v -0.9705433368664665 1.573362625277162 -1.4331639951546413
v -0.653598925115366 1.403512626928633 -0.8842001708267049
vt 0 0.61328125
vt 0.0146484375 0.61328125
vt 0.0146484375 0.56640625
vt 0 0.56640625
vt 0.04296875 0.640625
vt 0.0634765625 0.640625
vt 0.0634765625 0.59375
vt 0.04296875 0.59375
vt 0.017578125 0.61328125
vt 0.0322265625 0.61328125
vt 0.0322265625 0.56640625
vt 0.017578125 0.56640625
vt 0.06640625 0.640625
vt 0.0869140625 0.640625
vt 0.0869140625 0.59375
vt 0.06640625 0.59375
vt 0.4970703125 0.4853515625
vt 0.482421875 0.4853515625
vt 0.482421875 0.505859375
vt 0.4970703125 0.505859375
vt 0.5126953125 0.751953125
vt 0.498046875 0.751953125
vt 0.498046875 0.7314453125
vt 0.5126953125 0.7314453125
vn -0.48296291314453416 0.2588190451025206 -0.8365163037378079
vn 0.8660254037844387 2.220446049250313e-16 -0.49999999999999994
vn 0.48296291314453416 -0.2588190451025206 0.8365163037378079
vn -0.8660254037844387 -2.220446049250313e-16 0.49999999999999994
vn 0.1294095225512601 0.9659258262890683 0.22414386804201333
vn -0.1294095225512601 -0.9659258262890683 -0.22414386804201333
usemtl m_4212c216-ea1f-20c7-aeed-3b52fa82cc5f
f 52/148/37 55/147/37 53/146/37 50/145/37
f 51/152/38 52/151/38 50/150/38 49/149/38
f 56/156/39 51/155/39 49/154/39 54/153/39
f 55/160/40 56/159/40 54/158/40 53/157/40
f 54/164/41 49/163/41 50/162/41 53/161/41
f 55/168/42 52/167/42 51/166/42 56/165/42
o 118
v 0.1501471396717411 2.883739354381412 -0.9462954013815421
v -0.12151949897205938 3.02932506725158 -1.4168358222340591
v -0.26659371178204583 1.4568624905351149 -1.1471671966882246
v -0.5382603504258463 1.6024482034052827 -1.6177076175407417
v -0.35506860015012265 3.076499483984976 -1.267400370467142
v -0.08340196150632218 2.9309137711148088 -0.7968599496146249
v -0.7718094516039096 1.649622620138679 -1.4682721657738245
v -0.5001428129601091 1.5040369072685111 -0.9977317449213075
vt 0.455078125 0.546875
vt 0.4638671875 0.546875
vt 0.4638671875 0.5
vt 0.455078125 0.5
vt 0.2890625 0.658203125
vt 0.306640625 0.658203125
vt 0.306640625 0.611328125
vt 0.2890625 0.611328125
vt 0.05078125 0.54296875
vt 0.0595703125 0.54296875
vt 0.0595703125 0.49609375
vt 0.05078125 0.49609375
vt 0.2421875 0.6484375
vt 0.259765625 0.6484375
vt 0.259765625 0.6015625
vt 0.2421875 0.6015625
vt 0.3115234375 0.849609375
vt 0.302734375 0.849609375
vt 0.302734375 0.8671875
vt 0.3115234375 0.8671875
vt 0.3544921875 0.892578125
vt 0.345703125 0.892578125
vt 0.345703125 0.875
vt 0.3544921875 0.875
vn -0.4829629131445342 0.2588190451025207 -0.8365163037378082
vn 0.8303968041886696 -0.16773125949652043 -0.5313260507268166
vn 0.4829629131445342 -0.2588190451025207 0.8365163037378082
vn -0.8303968041886696 0.16773125949652043 0.5313260507268166
vn 0.27782723430252443 0.9512512425641979 0.13391453020445487
vn -0.27782723430252443 -0.9512512425641979 -0.13391453020445487
usemtl m_4212c216-ea1f-20c7-aeed-3b52fa82cc5f
f 60/172/43 63/171/43 61/170/43 58/169/43
f 59/176/44 60/175/44 58/174/44 57/173/44
f 64/180/45 59/179/45 57/178/45 62/177/45
f 63/184/46 64/183/46 62/182/46 61/181/46
f 62/188/47 57/187/47 58/186/47 61/185/47
f 63/192/48 60/191/48 59/190/48 64/189/48
o 117
v 0.5962307791325181 1.6808422689731755 -0.7404222695820192
v 0.697108524392628 1.519397695944153 -1.1169031402457397
v 0.4476621383205863 0.2950229702062459 -0.18595655366043973
v 0.548539883580696 0.13357839717722353 -0.5624374243241602
v 0.2896085664269272 1.519397695944153 -1.2260924248983658
v 0.1887308211668175 1.6808422689731755 -0.8496115542346452
v 0.14103992561499545 0.13357839717722353 -0.6716267089767862
v 0.04016218035488561 0.2950229702062459 -0.2951458383130656
vt 0.41015625 1
vt 0.42333984375 1
vt 0.42333984375 0.953125
vt 0.41015625 0.953125
vt 0.39453125 0.58984375
vt 0.40771484375 0.58984375
vt 0.40771484375 0.54296875
vt 0.39453125 0.54296875
vt 0.41015625 0.58984375
vt 0.42333984375 0.58984375
vt 0.42333984375 0.54296875
vt 0.41015625 0.54296875
vt 0.171875 0.5859375
vt 0.18505859375 0.5859375
vt 0.18505859375 0.5390625
vt 0.171875 0.5390625
vt 0.55419921875 0.90869140625
vt 0.541015625 0.90869140625
vt 0.541015625 0.921875
vt 0.55419921875 0.921875
vt 0.55419921875 0.876953125
vt 0.541015625 0.876953125
vt 0.541015625 0.86376953125
vt 0.55419921875 0.86376953125
vn 0.23911761839433437 -0.38268343236509017 -0.8923991008325227
vn 0.9659258262890684 -2.3592239273284576e-16 0.25881904510252074
vn -0.23911761839433437 0.38268343236509017 0.8923991008325227
vn -0.9659258262890684 2.3592239273284576e-16 -0.25881904510252074
vn 0.09904576054128791 0.9238795325112867 -0.36964381061438645
vn -0.09904576054128791 -0.9238795325112867 0.36964381061438645
usemtl m_4212c216-ea1f-20c7-aeed-3b52fa82cc5f
f 68/196/49 71/195/49 69/194/49 66/193/49
f 67/200/50 68/199/50 66/198/50 65/197/50
f 72/204/51 67/203/51 65/202/51 70/201/51
f 71/208/52 72/207/52 70/206/52 69/205/52
f 70/212/53 65/211/53 66/210/53 69/209/53
f 71/216/54 68/215/54 67/214/54 72/213/54
o 116
v 0.4705226347034176 0.3308995419904732 -0.09016199521821
v 0.5938176566879962 0.13357839717722353 -0.5503052815849796
v 0.4055238543481974 -0.2753964012200587 0.15241675549748113
v 0.5288188763327759 -0.4727175460333084 -0.3077265308692885
v 0.09576215250769538 0.13357839717722353 -0.6837588517159668
v -0.02753286947688327 0.3308995419904732 -0.22361556534919724
v 0.030763372152475155 -0.4727175460333084 -0.4411801010002757
v -0.09253164983210349 -0.2753964012200587 0.018963185366493884
vt 0.48046875 0.822265625
vt 0.49658203125 0.822265625
vt 0.49658203125 0.8017578125
vt 0.48046875 0.8017578125
vt 0.48046875 0.798828125
vt 0.49658203125 0.798828125
vt 0.49658203125 0.7783203125
vt 0.48046875 0.7783203125
vt 0.48046875 0.775390625
vt 0.49658203125 0.775390625
vt 0.49658203125 0.7548828125
vt 0.48046875 0.7548828125
vt 0.48046875 0.630859375
vt 0.49658203125 0.630859375
vt 0.49658203125 0.6103515625
vt 0.48046875 0.6103515625
vt 0.27392578125 0.48193359375
vt 0.2578125 0.48193359375
vt 0.2578125 0.498046875
vt 0.27392578125 0.498046875
vt 0.51806640625 0.7109375
vt 0.501953125 0.7109375
vt 0.501953125 0.69482421875
vt 0.51806640625 0.69482421875
vn 0.23911761839433437 -0.38268343236509017 -0.8923991008325227
vn 0.9659258262890684 -2.3592239273284576e-16 0.25881904510252074
vn -0.23911761839433437 0.38268343236509017 0.8923991008325227
vn -0.9659258262890684 2.3592239273284576e-16 -0.25881904510252074
vn 0.09904576054128791 0.9238795325112867 -0.36964381061438645
vn -0.09904576054128791 -0.9238795325112867 0.36964381061438645
usemtl m_4212c216-ea1f-20c7-aeed-3b52fa82cc5f
f 76/220/55 79/219/55 77/218/55 74/217/55
f 75/224/56 76/223/56 74/222/56 73/221/56
f 80/228/57 75/227/57 73/226/57 78/225/57
f 79/232/58 80/231/58 78/230/58 77/229/58
f 78/236/59 73/235/59 74/234/59 77/233/59
f 79/240/60 76/239/60 75/238/60 80/237/60
o 115
v 0.565961036535759 -0.1262627213415759 -0.4463429598496834
v 0.6668387817958688 -0.2877072943705983 -0.822823830513404
v 0.5288188763327759 -0.4727175460333084 -0.3077265308692885
v 0.6296966215928859 -0.634162119062331 -0.6842074015330091
v 0.168783277615568 -0.2877072943705983 -0.9562774006443913
v 0.06790553235545815 -0.1262627213415759 -0.5797965299806707
v 0.131641117412585 -0.634162119062331 -0.8176609716639963
v 0.030763372152475155 -0.4727175460333084 -0.4411801010002757
vt 0.529296875 1
vt 0.54541015625 1
vt 0.54541015625 0.98828125
vt 0.529296875 0.98828125
vt 0.546875 0.810546875
vt 0.56005859375 0.810546875
vt 0.56005859375 0.798828125
vt 0.546875 0.798828125
vt 0.529296875 0.986328125
vt 0.54541015625 0.986328125
vt 0.54541015625 0.974609375
vt 0.529296875 0.974609375
vt 0.546875 0.779296875
vt 0.56005859375 0.779296875
vt 0.56005859375 0.767578125
vt 0.546875 0.767578125
vt 0.54345703125 0.76611328125
vt 0.52734375 0.76611328125
vt 0.52734375 0.779296875
vt 0.54345703125 0.779296875
vt 0.54345703125 0.763671875
vt 0.52734375 0.763671875
vt 0.52734375 0.75048828125
vt 0.54345703125 0.75048828125
vn 0.23911761839433437 -0.38268343236509017 -0.8923991008325227
vn 0.9659258262890684 -2.3592239273284576e-16 0.25881904510252074
vn -0.23911761839433437 0.38268343236509017 0.8923991008325227
vn -0.9659258262890684 2.3592239273284576e-16 -0.25881904510252074
vn 0.09904576054128791 0.9238795325112867 -0.36964381061438645
vn -0.09904576054128791 -0.9238795325112867 0.36964381061438645
usemtl m_4212c216-ea1f-20c7-aeed-3b52fa82cc5f
f 84/244/61 87/243/61 85/242/61 82/241/61
f 83/248/62 84/247/62 82/246/62 81/245/62
f 88/252/63 83/251/63 81/250/63 86/249/63
f 87/256/64 88/255/64 86/254/64 85/253/64
f 86/260/65 81/259/65 82/258/65 85/257/65
f 87/264/66 84/263/66 83/262/66 88/261/66
o 114
v 0.7214020949539146 -0.20109358819766499 -0.845345795019322
v 0.7512917972532063 -0.2489290172433014 -0.9568956826233874
v 0.674974394700186 -0.634162119062331 -0.6720752587938285
v 0.7048640969994777 -0.681997548107967 -0.7836251463978938
v 0.16268074685830536 -0.2489290172433014 -1.114613538232736
v 0.13279104455901358 -0.20109358819766499 -1.0030636506286705
v 0.11625304660457669 -0.681997548107967 -0.9413430020072424
v 0.08636334430528492 -0.634162119062331 -0.829793114403177
vt 0.5 0.8046875
vt 0.51904296875 0.8046875
vt 0.51904296875 0.7900390625
vt 0.5 0.7900390625
vt 0.236328125 0.478515625
vt 0.240234375 0.478515625
vt 0.240234375 0.4638671875
vt 0.236328125 0.4638671875
vt 0.5 0.787109375
vt 0.51904296875 0.787109375
vt 0.51904296875 0.7724609375
vt 0.5 0.7724609375
vt 0.41796875 0.4765625
vt 0.421875 0.4765625
vt 0.421875 0.4619140625
vt 0.41796875 0.4619140625
vt 0.58544921875 0.931640625
vt 0.56640625 0.931640625
vt 0.56640625 0.935546875
vt 0.58544921875 0.935546875
vt 0.58740234375 0.72265625
vt 0.568359375 0.72265625
vt 0.568359375 0.71875
vt 0.58740234375 0.71875
vn 0.23911761839433437 -0.38268343236509017 -0.8923991008325227
vn 0.9659258262890684 -2.3592239273284576e-16 0.25881904510252074
vn -0.23911761839433437 0.38268343236509017 0.8923991008325227
vn -0.9659258262890684 2.3592239273284576e-16 -0.25881904510252074
vn 0.09904576054128791 0.9238795325112867 -0.36964381061438645
vn -0.09904576054128791 -0.9238795325112867 0.36964381061438645
usemtl m_4212c216-ea1f-20c7-aeed-3b52fa82cc5f
f 92/268/67 95/267/67 93/266/67 90/265/67
f 91/272/68 92/271/68 90/270/68 89/269/68
f 96/276/69 91/275/69 89/274/69 94/273/69
f 95/280/70 96/279/70 94/278/70 93/277/70
f 94/284/71 89/283/71 90/282/71 93/281/71
f 95/288/72 92/287/72 91/286/72 96/285/72
o 113
v 0.4209119251562057 -0.22756097217442273 0.27609878584072733
v 0.7048640969994777 -0.6819975481079674 -0.7836251463978936
v 0.40853120508854457 -0.3430459137383337 0.3223042621675256
v 0.6924833769318166 -0.7974824896718782 -0.7374196700710953
v 0.11625304660457658 -0.6819975481079674 -0.9413430020072422
v -0.16769912523869546 -0.22756097217442273 0.11838093023137874
v 0.1038723265369157 -0.7974824896718782 -0.8951375256804439
v -0.18007984530635635 -0.3430459137383337 0.16458640655817702
vt 0.568359375 0.716796875
vt 0.58740234375 0.716796875
vt 0.58740234375 0.712890625
vt 0.568359375 0.712890625
vt 0.548828125 0.994140625
vt 0.5859375 0.994140625
vt 0.5859375 0.990234375
vt 0.548828125 0.990234375
vt 0.568359375 0.69140625
vt 0.58740234375 0.69140625
vt 0.58740234375 0.6875
vt 0.568359375 0.6875
vt 0.548828125 0.98828125
vt 0.5859375 0.98828125
vt 0.5859375 0.984375
vt 0.548828125 0.984375
vt 0.23974609375 0.580078125
vt 0.220703125 0.580078125
vt 0.220703125 0.6171875
vt 0.23974609375 0.6171875
vt 0.40380859375 0.677734375
vt 0.384765625 0.677734375
vt 0.384765625 0.640625
vt 0.40380859375 0.640625
vn 0.23911761839433437 -0.38268343236509017 -0.8923991008325227
vn 0.9659258262890684 -2.3592239273284576e-16 0.25881904510252074
vn -0.23911761839433437 0.38268343236509017 0.8923991008325227
vn -0.9659258262890684 2.3592239273284576e-16 -0.25881904510252074
vn 0.09904576054128791 0.9238795325112867 -0.36964381061438645
vn -0.09904576054128791 -0.9238795325112867 0.36964381061438645
usemtl m_4212c216-ea1f-20c7-aeed-3b52fa82cc5f
f 100/292/73 103/291/73 101/290/73 98/289/73
f 99/296/74 100/295/74 98/294/74 97/293/74
f 104/300/75 99/299/75 97/298/75 102/297/75
f 103/304/76 104/303/76 102/302/76 101/301/76
f 102/308/77 97/307/77 98/306/77 101/305/77
f 103/312/78 100/311/78 99/310/78 104/309/78
o 112
v 0.5175487007676951 1.7705336984337379 -0.5373323016939842
v 0.6230174507676953 1.6613444137811126 -0.9309470353047649
v 0.4170677536060249 0.32164495900013934 -0.16233230169398782
v 0.522536503606025 0.2124556743475141 -0.5559470353047685
v 0.2607952659092947 1.6613444137811126 -1.0280041772182102
v 0.15532651590929458 1.7705336984337379 -0.6343894436074295
v 0.16031431874762436 0.2124556743475141 -0.6530041772182138
v 0.05484556874762425 0.32164495900013934 -0.2593894436074331
vt 0.423828125 0.798828125
vt 0.435546875 0.798828125
vt 0.435546875 0.751953125
vt 0.423828125 0.751953125
vt 0.419921875 0.896484375
vt 0.43310546875 0.896484375
vt 0.43310546875 0.849609375
vt 0.419921875 0.849609375
vt 0.423828125 0.75
vt 0.435546875 0.75
vt 0.435546875 0.703125
vt 0.423828125 0.703125
vt 0.11328125 0.578125
vt 0.12646484375 0.578125
vt 0.12646484375 0.53125
vt 0.11328125 0.53125
vt 0.55859375 0.75244140625
vt 0.546875 0.75244140625
vt 0.546875 0.765625
vt 0.55859375 0.765625
vt 0.55859375 0.75
vt 0.546875 0.75
vt 0.546875 0.73681640625
vt 0.55859375 0.73681640625
vn 0.25000000000000006 -0.25881904510251913 -0.93301270189222
vn 0.9659258262890684 -2.359223927328458e-16 0.25881904510252074
vn -0.25000000000000006 0.25881904510251913 0.93301270189222
vn -0.9659258262890684 2.359223927328458e-16 -0.25881904510252074
vn 0.06698729810778044 0.9659258262890689 -0.2499999999999983
vn -0.06698729810778044 -0.9659258262890689 0.2499999999999983
usemtl m_4212c216-ea1f-20c7-aeed-3b52fa82cc5f
f 108/316/79 111/315/79 109/314/79 106/313/79
f 107/320/80 108/319/80 106/318/80 105/317/80
f 112/324/81 107/323/81 105/322/81 110/321/81
f 111/328/82 112/327/82 110/326/82 109/325/82
f 110/332/83 105/331/83 106/330/83 109/329/83
f 111/336/84 108/335/84 107/334/84 112/333/84
o 111
v 0.5923864611814218 2.973018610454328 -0.6355195334534764
v 0.7615901290071183 2.9158226542761776 -1.2669962186059835
v 0.5585501120116967 1.47872656331671 -0.5092405592094227
v 0.7277537798373932 1.4215306071385592 -1.1407172443619298
v 0.3088123979341174 2.9158226542761776 -1.3883176459977902
v 0.1396087301084208 2.9730186104543286 -0.7568409608452831
v 0.2749760487643923 1.4215306071385594 -1.2620386717537362
v 0.10577238093869568 1.4787265633167102 -0.6305619866012293
vt 0.26171875 0.61328125
vt 0.2763671875 0.61328125
vt 0.2763671875 0.56640625
vt 0.26171875 0.56640625
vt 0.08984375 0.640625
vt 0.1103515625 0.640625
vt 0.1103515625 0.59375
vt 0.08984375 0.59375
vt 0.390625 0.763671875
vt 0.4052734375 0.763671875
vt 0.4052734375 0.716796875
vt 0.390625 0.716796875
vt 0.361328125 0.677734375
vt 0.3818359375 0.677734375
vt 0.3818359375 0.630859375
vt 0.361328125 0.630859375
vt 0.1005859375 0.4794921875
vt 0.0859375 0.4794921875
vt 0.0859375 0.5
vt 0.1005859375 0.5
vt 0.5146484375 0.845703125
vt 0.5 0.845703125
vt 0.5 0.8251953125
vt 0.5146484375 0.8251953125
vn 0.25783416049629954 -0.08715574274765822 -0.9622501868990583
vn 0.9659258262890683 -2.2898349882893854e-16 0.25881904510252074
vn -0.25783416049629954 0.08715574274765822 0.9622501868990583
vn -0.9659258262890683 2.2898349882893854e-16 -0.25881904510252074
vn 0.022557566113150063 0.9961946980917455 -0.08418598282936919
vn -0.022557566113150063 -0.9961946980917455 0.08418598282936919
usemtl m_4212c216-ea1f-20c7-aeed-3b52fa82cc5f
f 116/340/85 119/339/85 117/338/85 114/337/85
f 115/344/86 116/343/86 114/342/86 113/341/86
f 120/348/87 115/347/87 113/346/87 118/345/87
f 119/352/88 120/351/88 118/350/88 117/349/88
f 118/356/89 113/355/89 114/354/89 117/353/89
f 119/360/90 116/359/90 115/358/90 120/357/90
o 110
v 0.1712256676206252 3.0373935815320214 -0.8029139286464968
v 0.31625738289979366 2.988368476236464 -1.3441796587772172
v 0.3895002578694329 1.5658031882464103 -0.6111382324772019
v 0.5345319731486011 1.5167780829508528 -1.1524039626079223
v 0.04761629210882101 2.9397157716950324 -1.4117551068293057
v -0.09741542317034746 2.9887408769905903 -0.8704893766985853
v 0.2658908823576285 1.4681253784094213 -1.2199794106600108
v 0.12085916707846 1.5171504837049792 -0.6787136805292905
vt 0.0625 0.54296875
vt 0.0712890625 0.54296875
vt 0.0712890625 0.49609375
vt 0.0625 0.49609375
vt 0.11328125 0.626953125
vt 0.130859375 0.626953125
vt 0.130859375 0.580078125
vt 0.11328125 0.580078125
vt 0.07421875 0.54296875
vt 0.0830078125 0.54296875
vt 0.0830078125 0.49609375
vt 0.07421875 0.49609375
vt 0.1328125 0.626953125
vt 0.150390625 0.626953125
vt 0.150390625 0.580078125
vt 0.1328125 0.580078125
vt 0.0400390625 0.439453125
vt 0.03125 0.439453125
vt 0.03125 0.45703125
vt 0.0400390625 0.45703125
vt 0.1923828125 0.455078125
vt 0.18359375 0.455078125
vt 0.18359375 0.4375
vt 0.1923828125 0.4375
vn 0.25783416049629954 -0.08715574274765822 -0.9622501868990583
vn 0.9551683228123475 0.17298739392508924 0.24026825974075933
vn -0.25783416049629954 0.08715574274765822 0.9622501868990583
vn -0.9551683228123475 -0.17298739392508924 -0.24026825974075933
vn -0.14551639349920498 0.981060262190407 -0.12785046411286316
vn 0.14551639349920498 -0.981060262190407 0.12785046411286316
usemtl m_4212c216-ea1f-20c7-aeed-3b52fa82cc5f
f 124/364/91 127/363/91 125/362/91 122/361/91
f 123/368/92 124/367/92 122/366/92 121/365/92
f 128/372/93 123/371/93 121/370/93 126/369/93
f 127/376/94 128/375/94 126/374/94 125/373/94
f 126/380/95 121/379/95 122/378/95 125/377/95
f 127/384/96 124/383/96 123/382/96 128/381/96
o 108
v 0.6015625238267541 1.987748273489903 -1.4828581813235273
v 0.6015625238267541 2.030035026545191 -1.6169746275224968
v 0.6015625238267541 1.0042276680307942 -1.7929610370623088
v 0.6015625238267541 1.0465144210860826 -1.9270774832612783
v -0.5703124761732459 2.030035026545191 -1.6169746275224968
v -0.5703124761732459 1.987748273489903 -1.4828581813235273
v -0.5703124761732459 1.0465144210860826 -1.9270774832612783
v -0.5703124761732459 1.0042276680307942 -1.7929610370623088
vt 0.314453125 0.833984375
vt 0.35107421875 0.833984375
vt 0.35107421875 0.8017578125
vt 0.314453125 0.8017578125
vt 0.390625 0.837890625
vt 0.39501953125 0.837890625
vt 0.39501953125 0.8056640625
vt 0.390625 0.8056640625
vt 0.18359375 0.68359375
vt 0.22021484375 0.68359375
vt 0.22021484375 0.6513671875
vt 0.18359375 0.6513671875
vt 0.248046875 0.455078125
vt 0.25244140625 0.455078125
vt 0.25244140625 0.4228515625
vt 0.248046875 0.4228515625
vt 0.57763671875 0.52685546875
vt 0.541015625 0.52685546875
vt 0.541015625 0.53125
vt 0.57763671875 0.53125
vt 0.58154296875 0.58203125
vt 0.544921875 0.58203125
vt 0.544921875 0.57763671875
vt 0.58154296875 0.57763671875
vn 0 0.300705799504273 -0.9537169507482269
vn 1 0 0
vn 0 -0.300705799504273 0.9537169507482269
vn -1 0 0
vn 0 0.9537169507482269 0.300705799504273
vn 0 -0.9537169507482269 -0.300705799504273
usemtl m_4212c216-ea1f-20c7-aeed-3b52fa82cc5f
f 132/388/97 135/387/97 133/386/97 130/385/97
f 131/392/98 132/391/98 130/390/98 129/389/98
f 136/396/99 131/395/99 129/394/99 134/393/99
f 135/400/100 136/399/100 134/398/100 133/397/100
f 134/404/101 129/403/101 130/402/101 133/401/101
f 135/408/102 132/407/102 131/406/102 136/405/102
o 107
v 0.6484375476535074 0.9515096489659274 -1.8233977729020265
v 0.6484375476535074 1.0465145219118797 -1.9270773983909504
v 0.6484375476535074 0.2257522705434608 -2.4884318835236927
v 0.6484375476535074 0.3207571434894131 -2.592111509012616
v -0.6171874523464926 1.0465145219118797 -1.9270773983909504
v -0.6171874523464926 0.9515096489659274 -1.8233977729020265
v -0.6171874523464926 0.3207571434894131 -2.592111509012616
v -0.6171874523464926 0.2257522705434608 -2.4884318835236927
vt 0.302734375 1
vt 0.34228515625 1
vt 0.34228515625 0.96923828125
vt 0.302734375 0.96923828125
vt 0.0234375 0.451171875
vt 0.02783203125 0.451171875
vt 0.02783203125 0.42041015625
vt 0.0234375 0.42041015625
vt 0.302734375 0.966796875
vt 0.34228515625 0.966796875
vt 0.34228515625 0.93603515625
vt 0.302734375 0.93603515625
vt 0.517578125 0.451171875
vt 0.52197265625 0.451171875
vt 0.52197265625 0.42041015625
vt 0.517578125 0.42041015625
vt 0.47705078125 0.64208984375
vt 0.4375 0.64208984375
vt 0.4375 0.646484375
vt 0.47705078125 0.646484375
vt 0.57861328125 0.904296875
vt 0.5390625 0.904296875
vt 0.5390625 0.89990234375
vt 0.57861328125 0.89990234375
vn 0 0.6755902076156601 -0.7372773368101242
vn 1 0 0
vn 0 -0.6755902076156601 0.7372773368101242
vn -1 0 0
vn 0 0.7372773368101242 0.6755902076156601
vn 0 -0.7372773368101242 -0.6755902076156601
usemtl m_4212c216-ea1f-20c7-aeed-3b52fa82cc5f
f 140/412/103 143/411/103 141/410/103 138/409/103
f 139/416/104 140/415/104 138/414/104 137/413/104
f 144/420/105 139/419/105 137/418/105 142/417/105
f 143/424/106 144/423/106 142/422/106 141/421/106
f 142/428/107 137/427/107 138/426/107 141/425/107
f 143/432/108 140/431/108 139/430/108 144/429/108
o 109
v 0.5390624999999998 2.9148756792899544 -1.2767708739987589
v 0.5390624999999998 2.9453125 -1.4140624999999996
v 0.5390624999999998 1.9995981726150167 -1.4796830120657303
v 0.5390624999999998 2.0300349933250623 -1.616974638066971
v -0.5390625000000002 2.9453125 -1.4140624999999996
v -0.5390625000000002 2.9148756792899544 -1.2767708739987589
v -0.5390625000000002 2.0300349933250623 -1.616974638066971
v -0.5390625000000002 1.9995981726150167 -1.4796830120657303
vt 0.345703125 0.955078125
vt 0.37939453125 0.955078125
vt 0.37939453125 0.92578125
vt 0.345703125 0.92578125
vt 0.04296875 0.447265625
vt 0.04736328125 0.447265625
vt 0.04736328125 0.41796875
vt 0.04296875 0.41796875
vt 0.345703125 0.923828125
vt 0.37939453125 0.923828125
vt 0.37939453125 0.89453125
vt 0.345703125 0.89453125
vt 0.05078125 0.447265625
vt 0.05517578125 0.447265625
vt 0.05517578125 0.41796875
vt 0.05078125 0.41796875
vt 0.58056640625 0.88427734375
vt 0.546875 0.88427734375
vt 0.546875 0.888671875
vt 0.58056640625 0.888671875
vt 0.58056640625 0.650390625
vt 0.546875 0.650390625
vt 0.546875 0.64599609375
vt 0.58056640625 0.64599609375
vn 0 0.21643961393810288 -0.9762960071199334
vn 1 0 0
vn 0 -0.21643961393810288 0.9762960071199334
vn -1 0 0
vn 0 0.9762960071199334 0.21643961393810288
vn 0 -0.9762960071199334 -0.21643961393810288
usemtl m_4212c216-ea1f-20c7-aeed-3b52fa82cc5f
f 148/436/109 151/435/109 149/434/109 146/433/109
f 147/440/110 148/439/110 146/438/110 145/437/110
f 152/444/111 147/443/111 145/442/111 150/441/111
f 151/448/112 152/447/112 150/446/112 149/445/112
f 150/452/113 145/451/113 146/450/113 149/449/113
f 151/456/114 148/455/114 147/454/114 152/453/114
o 106
v 0.6020976286602042 2.8705562226124433 -0.4296874979541951
v 0.7421875080793559 2.8828124989363326 -0.4296874999999998
v 0.6838061374861337 1.9366236931514318 -0.4296875009778216
v 0.8238960169052854 1.9488799694753212 -0.4296875030236263
v 0.7421874921514822 2.882812501033277 -1.5078124999999993
v 0.6020976127323305 2.8705562247093876 -1.5078124979541947
v 0.8238960009774117 1.9488799715722656 -1.5078125030236258
v 0.68380612155826 1.9366236952483762 -1.5078125009778212
vt 0.345703125 0.798828125
vt 0.37939453125 0.798828125
vt 0.37939453125 0.76953125
vt 0.345703125 0.76953125
vt 0.126953125 0.447265625
vt 0.13134765625 0.447265625
vt 0.13134765625 0.41796875
vt 0.126953125 0.41796875
vt 0.345703125 0.767578125
vt 0.37939453125 0.767578125
vt 0.37939453125 0.73828125
vt 0.345703125 0.73828125
vt 0.134765625 0.447265625
vt 0.13916015625 0.447265625
vt 0.13916015625 0.41796875
vt 0.134765625 0.41796875
vt 0.49267578125 0.44873046875
vt 0.458984375 0.44873046875
vt 0.458984375 0.453125
vt 0.49267578125 0.453125
vt 0.58056640625 0.509765625
vt 0.546875 0.509765625
vt 0.546875 0.50537109375
vt 0.58056640625 0.50537109375
vn 0.9961946980917455 0.08715574274765814 -1.4547944425623841e-8
vn 1.4773679916099495e-8 -1.944991845513709e-9 1
vn -0.9961946980917455 -0.08715574274765814 1.4547944425623841e-8
vn -1.4773679916099495e-8 1.944991845513709e-9 -1
vn -0.08715574274765812 0.9961946980917457 3.225201601934583e-9
vn 0.08715574274765812 -0.9961946980917457 -3.225201601934583e-9
usemtl m_4212c216-ea1f-20c7-aeed-3b52fa82cc5f
f 156/460/115 159/459/115 157/458/115 154/457/115
f 155/464/116 156/463/116 154/462/116 153/461/116
f 160/468/117 155/467/117 153/466/117 158/465/117
f 159/472/118 160/471/118 158/470/118 157/469/118
f 158/476/119 153/475/119 154/474/119 157/473/119
f 159/480/120 156/479/120 155/478/120 160/477/120
o 105
v 0.6854074214431312 1.924460728681603 -0.36718747719838096
v 0.823896011710473 1.948880003666015 -0.3671874791968718
v 0.8644821046621529 0.908877733387764 -0.36718748181927363
v 1.0029706949294945 0.9332970083721761 -0.36718748381776445
v 0.8238959943975668 1.9488800059453024 -1.5390624791968714
v 0.6854074041302249 1.9244607309608903 -1.5390624771983803
v 1.0029706776165883 0.9332970106514633 -1.539062483817764
v 0.8644820873492467 0.9088777356670512 -1.5390624818192733
vt 0.22265625 0.68359375
vt 0.25927734375 0.68359375
vt 0.25927734375 0.6513671875
vt 0.22265625 0.6513671875
vt 0.298828125 0.455078125
vt 0.30322265625 0.455078125
vt 0.30322265625 0.4228515625
vt 0.298828125 0.4228515625
vt 0 0.67578125
vt 0.03662109375 0.67578125
vt 0.03662109375 0.6435546875
vt 0 0.6435546875
vt 0.076171875 0.453125
vt 0.08056640625 0.453125
vt 0.08056640625 0.4208984375
vt 0.076171875 0.4208984375
vt 0.58154296875 0.56982421875
vt 0.544921875 0.56982421875
vt 0.544921875 0.57421875
vt 0.58154296875 0.57421875
vt 0.58349609375 0.9609375
vt 0.546875 0.9609375
vt 0.546875 0.95654296875
vt 0.58349609375 0.95654296875
vn 0.9848077530122081 0.17364817766693016 -1.421149026381229e-8
vn 1.4773679916099495e-8 -1.9449918455137095e-9 1
vn -0.9848077530122081 -0.17364817766693016 1.421149026381229e-8
vn -1.4773679916099495e-8 1.9449918455137095e-9 -1
vn -0.1736481776669302 0.9848077530122081 4.480865637991133e-9
vn 0.1736481776669302 -0.9848077530122081 -4.480865637991133e-9
usemtl m_4212c216-ea1f-20c7-aeed-3b52fa82cc5f
f 164/484/121 167/483/121 165/482/121 162/481/121
f 163/488/122 164/487/122 162/486/122 161/485/122
f 168/492/123 163/491/123 161/490/123 166/489/123
f 167/496/124 168/495/124 166/494/124 165/493/124
f 166/500/125 161/499/125 162/498/125 165/497/125
f 167/504/126 164/503/126 163/502/126 168/501/126
o 104
v 0.8730500653787678 0.879482261645683 -0.3203124581762747
v 1.0029706246381676 0.9332971193220239 -0.32031245999101
v 1.2497540691131532 -0.029961653170115787 -0.32031246551044007
v 1.3796746283725527 0.023853204506224968 -0.3203124673251754
v 1.0029706059402288 0.9332971217836539 -1.5859374599910097
v 0.8730500466808291 0.8794822641073132 -1.5859374581762742
v 1.3796746096746142 0.02385320696785531 -1.585937467325175
v 1.2497540504152145 -0.029961650708485443 -1.5859374655104395
vt 0.302734375 0.93359375
vt 0.34228515625 0.93359375
vt 0.34228515625 0.90283203125
vt 0.302734375 0.90283203125
vt 0 0.44921875
vt 0.00439453125 0.44921875
vt 0.00439453125 0.41845703125
vt 0 0.41845703125
vt 0.302734375 0.900390625
vt 0.34228515625 0.900390625
vt 0.34228515625 0.86962890625
vt 0.302734375 0.86962890625
vt 0.083984375 0.44921875
vt 0.08837890625 0.44921875
vt 0.08837890625 0.41845703125
vt 0.083984375 0.41845703125
vt 0.58056640625 0.85693359375
vt 0.541015625 0.85693359375
vt 0.541015625 0.861328125
vt 0.58056640625 0.861328125
vt 0.58056640625 0.640625
vt 0.541015625 0.640625
vt 0.541015625 0.63623046875
vt 0.58056640625 0.63623046875
vn 0.9238795325112866 0.3826834323650896 -1.2904784370988431e-8
vn 1.4773679916099492e-8 -1.944991845513708e-9 1
vn -0.9238795325112866 -0.3826834323650896 1.2904784370988431e-8
vn -1.4773679916099492e-8 1.944991845513708e-9 -1
vn -0.3826834323650896 0.9238795325112867 7.450580696996296e-9
vn 0.3826834323650896 -0.9238795325112867 -7.450580696996296e-9
usemtl m_4212c216-ea1f-20c7-aeed-3b52fa82cc5f
f 172/508/127 175/507/127 173/506/127 170/505/127
f 171/512/128 172/511/128 170/510/128 169/509/128
f 176/516/129 171/515/129 169/514/129 174/513/129
f 175/520/130 176/519/130 174/518/130 173/517/130
f 174/524/131 169/523/131 170/522/131 173/521/131
f 175/528/132 172/527/132 171/526/132 176/525/132
o 103
v -0.604895873998759 2.8523756792899544 -1.5078124999999996
v -0.7421874999999997 2.8828125 -1.5078124999999996
v -0.8078080120657304 1.9370981726150167 -1.5078124999999996
v -0.945099638066971 1.9675349933250623 -1.5078124999999996
v -0.7421874999999999 2.8828125 -0.42968749999999956
v -0.6048958739987593 2.8523756792899544 -0.4296874999999995
v -0.9450996380669713 1.9675349933250623 -0.4296874999999996
v -0.8078080120657306 1.9370981726150167 -0.42968749999999956
vt 0.16796875 0.6484375
vt 0.20166015625 0.6484375
vt 0.20166015625 0.619140625
vt 0.16796875 0.619140625
vt 0.142578125 0.447265625
vt 0.14697265625 0.447265625
vt 0.14697265625 0.41796875
vt 0.142578125 0.41796875
vt 0.205078125 0.6484375
vt 0.23876953125 0.6484375
vt 0.23876953125 0.619140625
vt 0.205078125 0.619140625
